*******************************************
**  PNS-NETFILE Javaversion              **
**  WARNING: DON'T EDIT THIS FILE        **
*******************************************
S0: ~~ 1 277 83 277 61 - 0
S1: ~~ 1 428 78 428 56 - 0
S2: ~~ 0 118 81 118 59 - 0
S3: ~~ 0 611 80 611 58 - 0
S4: ~~ 0 113 218 113 196 - 0
S5: ~~ 0 108 316 108 294 - 0
S6: ~~ 0 109 407 109 385 - 0
S7: ~~ 1 107 515 107 493 - 0
S8: ~~ 0 604 204 604 182 - 0
S9: ~~ 0 600 314 600 292 - 0
S10: ~~ 0 593 398 593 376 - 0
S11: ~~ 1 589 519 589 497 - 0
T0: ~~ 0 119 143 119 113 0 c
T1: ~~ 0 109 265 109 235 0 c
T2: ~~ 0 107 363 107 333 0 c
T3: ~~ 0 106 466 106 436 0 c
T4: ~~ 0 605 134 605 104 0 c
T5: ~~ 0 605 253 605 223 0 c
T6: ~~ 0 598 357 598 327 0 c
T7: ~~ 0 590 464 590 434 0 c
KST: 2 0 0 -1 127 119 0 E
KTS: 4 0 0 1 108 173 0 E
KST: 4 1 0 -1 102 249 0 E
KTS: 5 1 0 1 100 283 0 E
KST: 5 2 0 -1 99 347 0 E
KST: 6 3 0 -1 98 444 0 E
KTS: 6 2 0 1 116 377 0 E
KTS: 7 3 0 1 115 483 0 E
KST: 3 4 0 -1 598 113 0 E
KTS: 8 4 0 1 596 161 0 E
KST: 8 5 0 -1 613 236 0 E
KTS: 9 5 0 1 594 276 0 E
KST: 9 6 0 -1 590 343 0 E
KTS: 10 6 0 1 588 369 0 E
KST: 10 7 0 -1 582 438 0 E
KTS: 11 7 0 1 581 484 0 E
KST: 0 0 0 -1 188 107 0 E
KTS: 0 3 0 1 179 278 0 E
KTS: 0 7 0 1 445 273 0 E
KTS: 1 7 0 1 521 275 0 E
KTS: 1 3 0 1 255 272 0 E
KST: 1 1 0 -1 257 167 0 E
KST: 0 4 0 -1 449 100 0 E
KST: 1 5 0 -1 528 163 0 E
